"STAMAT"
12
34
139
189
205
214
295
300
338
364
443
455
467
509
511
532
537
554
557
568
576
579
592
596
600
616
682
698
719
813
865
893
904
934
948
1030
1155
1180
1222
1228
1258
1277
1282
1293
1328
1332
1358
1359
1407
1479
1495
1500
1504
1532
1546
1558
1588
1599
1600
1606
1642
1652
1656
1663
1732
1761
1762
1771
1813
1861
1922
1927
1929
1980
1995
2007
2056
2094
2098
2101
2132
2141
2143
2187
2189
2244
2301
2367
2368
2378
2426
2427
2471
2474
2479
2488
2489
2491
2513
2554
2571
2621
2641
2660
2662
2673
2740
2742
2764
2769
2782
2812
2831
2926
3002
3031
3051
3062
3065
3066
3073
3122
3172
3188
3223
3248
3269
3327
3359
3360
3385
3418
3426
3443
3463
3468
3508
3514
3543
3648
3656
3694
3699
3707
3721
3752
3776
3796
3827
3846
3851
3893
3951
3965
3975
4021
4097
4105
4106
4114
4129
4164
4168
4187
4195
4202
4228
4239
4271
4290
4353
4379
4386
4390
4412
4424
4456
4493
4503
4507
4553
4585
4588
4596
4608
4652
4655
4694
4733
4761
4832
4856
4862
4869
4875
4876
4878
4891
4916
4917
4925
4963
4980
4981
