"STAMAT"
0.018567
0.931390
0.002011
0.999961
0.997784
0.000064
0.000181
0.000477
0.000275
0.000023
0.999658
0.998024
0.001761
0.999964
0.066617
0.991632
0.998995
0.999974
0.995598
0.999774
0.000399
0.999950
0.999983
0.999963
0.998792
0.000743
0.999921
0.999964
0.011669
0.911155
0.893896
0.958379
0.007781
0.999855
0.995738
0.999833
0.023033
0.968029
0.000946
0.000893
0.997355
0.000441
0.987938
0.999953
0.000846
0.000425
0.989305
0.033012
0.993317
0.000652
0.000093
0.000969
0.000074
0.000075
0.999979
0.999998
0.005076
0.000095
0.592369
0.997854
0.999634
0.000033
0.000072
0.986173
0.000638
0.010619
0.999618
0.994286
0.999385
0.992274
0.000947
0.023942
0.021265
0.999679
0.999643
0.997449
0.030297
0.000385
0.995348
0.999983
0.003719
0.998528
0.991960
0.999890
0.745351
0.999285
0.001150
0.996448
0.000594
0.977630
0.996682
0.959533
0.000035
0.000017
0.998880
0.003047
0.998970
0.000474
0.057433
0.999894
0.036728
0.000065
0.980602
0.998307
0.994663
0.999884
0.000135
0.998226
0.999913
0.000059
0.895456
0.000482
0.999222
0.000119
0.997090
0.999951
0.000045
0.000008
0.001412
0.999905
0.000378
0.994251
0.048719
0.992148
0.000093
0.002904
0.993917
0.000146
0.000257
0.000441
0.016466
0.002326
0.000086
0.891112
0.000172
0.999923
0.999518
0.999165
0.000011
0.998287
0.999887
0.963562
0.000782
0.999916
0.994781
0.985933
0.000039
0.999992
0.999485
0.000184
0.987531
0.000930
0.999979
0.999378
0.999682
0.000170
0.999831
0.001166
0.996356
0.000469
0.998783
0.000354
0.999584
0.000518
0.226692
0.000276
0.002605
0.000127
0.999911
0.998717
0.993213
0.998962
0.000030
0.008600
0.999896
0.994760
0.999653
0.906920
0.999958
0.000140
0.000219
0.998121
0.022223
0.000316
0.001619
0.999902
0.976076
0.988289
0.938186
0.023776
0.999381
0.283402
0.999729
0.000031
0.997921
0.000174
0.000014
0.000018
0.995598
0.999990
0.990099
0.993509
0.000129
0.997249
0.000485
0.001158
0.999117
0.000083
0.999729
0.000011
0.998610
0.000115
0.999076
0.999068
0.000399
0.000129
0.999511
0.000511
0.998365
0.004047
0.998863
0.906333
0.000227
0.979051
0.000044
0.000067
0.999599
0.875307
0.011798
0.915927
0.000172
0.000230
0.999263
0.000044
0.000689
0.000014
0.002008
0.999836
0.000560
0.998922
0.990117
0.355284
0.000275
0.000674
0.000181
0.166188
0.999780
0.057870
0.999995
0.998703
0.991318
0.995749
0.999726
0.000552
0.989087
0.000550
0.998838
0.999762
0.000910
0.998632
0.999769
0.000087
0.000553
0.035506
0.000083
0.979848
0.000122
0.998574
0.997058
0.470780
0.001735
0.000057
0.979878
0.950347
0.000846
0.000027
0.012982
0.980592
0.997959
0.999893
0.998789
0.998659
0.000321
0.976076
0.000039
0.001853
0.000942
0.999939
0.000017
0.999809
0.000059
0.000133
0.827489
0.999910
0.000765
0.999649
0.993524
0.998419
0.999816
0.005358
0.999103
0.999951
0.006220
0.000066
0.000088
0.001739
0.002463
0.999549
0.949345
0.980620
0.999858
0.999809
0.000013
0.000402
0.984440
0.993203
0.000026
0.000022
0.999423
0.042068
0.000238
0.004652
0.999538
0.000154
0.853432
0.000143
0.999846
0.998474
0.000815
0.000294
0.996919
0.000031
0.000172
0.969414
0.000868
0.990701
0.999881
0.509037
0.994629
0.996817
0.998914
0.998915
0.215860
0.000056
0.000912
0.895472
0.995947
0.981361
0.998749
0.000466
0.999093
0.006095
0.996101
0.000944
0.000108
0.019087
0.999905
0.999548
0.976076
0.179108
0.999896
0.999925
0.978440
0.007749
0.998512
0.000866
0.028163
0.999976
0.001013
0.999768
0.001554
0.000443
0.998315
0.884192
0.003962
0.000117
0.000058
0.999839
0.999980
0.000356
0.929798
0.999398
0.999062
0.016749
0.997668
0.005501
0.005150
0.218755
0.991171
0.004436
0.001953
0.999017
0.976076
0.000795
0.000137
0.009283
0.996076
0.000772
0.980324
0.999851
0.997147
0.999431
0.000045
0.999929
0.999452
0.088982
0.000002
0.010231
0.013499
0.041480
0.000022
0.999237
0.000818
0.003831
0.084869
0.998734
0.018007
0.000719
0.001131
0.000350
0.999580
0.999777
0.997180
0.004507
0.999854
0.000068
0.999860
0.999952
0.000027
0.003965
0.817830
0.002671
0.000475
0.941018
0.000266
0.999301
0.928238
0.999946
0.999877
0.995477
0.000101
0.002598
0.000025
0.999892
0.998287
0.999943
0.751405
0.000289
0.004809
0.000423
0.000345
0.998314
0.000118
0.994589
0.006284
0.999393
0.003391
0.000008
0.999861
0.001101
0.003964
0.999895
0.117689
0.005984
0.991182
0.999917
0.999141
0.000257
0.998335
0.000114
0.992469
0.000102
0.004300
0.999780
0.997088
0.999824
0.999548
0.003989
0.003189
0.962229
0.998713
0.716925
0.000781
0.000056
0.998698
0.999830
0.087919
0.997671
0.999931
0.000196
0.000180
0.995961
0.999925
0.000565
0.000126
0.999208
0.997462
0.999320
0.991280
0.000113
0.996841
0.999945
0.001000
0.000030
0.710858
0.003508
0.001019
0.999631
0.948520
0.999913
0.000217
0.999996
0.998402
0.000958
0.001479
0.001034
0.000145
0.000122
0.000081
0.004788
0.054567
0.000145
0.997034
0.998890
0.181109
0.000178
0.001723
0.999852
0.748434
0.999933
0.015650
0.000947
0.999976
0.050776
0.853001
0.993623
0.000608
0.999852
0.000075
0.999975
0.000007
0.999819
0.000114
0.000263
0.002638
0.000036
0.993386
0.999764
0.996748
0.998554
0.999602
0.000088
0.000359
0.001979
0.987070
0.010495
0.997244
0.867949
0.000073
0.999926
0.976076
0.995530
0.995947
0.000025
0.000382
0.999205
0.000084
0.000072
0.000031
0.003956
0.970347
0.999940
0.002123
0.998985
0.993433
0.091647
0.998753
0.843330
0.959306
0.000015
0.000244
0.000193
0.000402
0.002349
0.998017
0.000464
0.001670
0.000035
0.999832
0.999624
0.998198
0.007406
0.011689
0.000011
0.000864
0.970416
0.000080
0.990372
0.976076
0.000083
0.766329
0.999267
0.000161
0.998876
0.000626
0.000350
0.000118
0.079640
0.993782
0.976076
0.852188
0.998980
0.999533
0.000063
0.999367
0.002824
0.000058
0.000343
0.000172
0.972159
0.000300
0.651434
0.004720
0.106210
0.999310
0.999190
0.999548
0.000184
0.000167
0.000039
0.000705
0.999864
0.999181
0.003543
0.999948
0.999542
0.001080
0.984174
0.999893
0.884762
0.000035
0.999807
0.007674
0.019604
0.879194
0.000019
0.000510
0.904475
0.011466
0.996634
0.000197
0.013357
0.003410
0.999419
0.000032
0.000012
0.001038
0.000857
0.000149
0.999795
0.998587
0.999979
0.994107
0.001518
0.001793
0.001257
0.999924
0.000132
0.037489
0.999976
0.011438
0.029609
0.999932
0.996059
0.000423
0.022109
0.001783
0.999179
0.000689
0.992016
0.001015
0.934795
0.003495
0.980711
0.999795
0.000019
0.999874
0.005207
0.999498
0.985632
0.999715
0.000177
0.999808
0.976318
0.000857
0.000082
0.002508
0.000458
0.998573
0.000054
0.995991
0.000085
0.001522
0.997549
0.001861
0.008201
0.757798
0.994540
0.003700
0.002870
0.994192
0.999809
0.016502
0.009190
0.999270
0.000176
0.002357
0.000064
0.002937
0.999992
0.998051
0.999951
0.999818
0.997944
0.999607
0.998467
0.000248
0.009296
0.998728
0.000100
0.999472
0.999946
0.999559
0.976517
0.000160
0.033757
0.000357
0.996309
0.993688
0.986374
0.000097
0.000015
0.000332
0.001537
0.999879
0.002688
0.980746
0.000023
0.999686
0.000502
0.001713
0.986155
0.000131
0.998440
0.000055
0.434183
0.999974
0.000149
0.998758
0.279735
0.919980
0.103933
0.976076
0.003141
0.999855
0.999983
0.002873
0.999960
0.000057
0.602353
0.000321
0.000093
0.649488
0.999867
0.000031
0.999715
0.000077
0.999531
0.999853
0.000017
0.000122
0.005563
0.126802
0.000057
0.000195
0.987535
0.009325
0.000223
0.000214
0.001480
0.000131
0.000050
0.998896
0.000413
0.999973
0.008268
0.971716
0.986155
0.000169
0.999986
0.000070
0.999935
0.000041
0.067597
0.000008
0.993739
0.999795
0.994853
0.006504
0.002123
0.002031
0.999557
0.130124
0.999776
0.999727
0.991035
0.000703
0.000038
0.000066
0.999888
0.989176
0.034135
0.999037
0.998228
0.456048
0.000190
0.999878
0.000974
0.001591
0.999806
0.000112
0.999989
0.000328
0.637931
0.999982
0.992181
0.000162
0.000036
0.000013
0.993586
0.999018
0.093418
0.014102
0.973607
0.824286
0.998100
0.001102
0.000145
0.999953
0.000030
0.000058
0.000093
0.998654
0.000064
0.999956
0.000195
0.000021
0.998372
0.997040
0.997374
0.000437
0.996595
0.000164
0.001424
0.000682
0.998867
0.999581
0.000216
0.998429
0.999217
0.995722
0.000038
0.003754
0.997550
0.000009
0.998581
0.000372
0.000148
0.999912
0.560210
0.004348
0.000014
0.000200
0.935649
0.992598
0.959973
0.000077
0.999865
0.963988
0.999174
0.000026
0.961440
0.999892
0.834989
0.000218
0.536803
0.997533
0.000304
0.243531
0.000197
0.000154
0.000626
0.000034
0.026744
0.999921
0.075209
0.000029
0.014767
0.991388
0.813968
0.916317
0.997375
0.996498
0.990608
0.000013
0.000141
0.000782
0.000087
0.994011
0.999540
0.999879
0.998297
0.994917
0.000036
0.997758
0.804716
0.946114
0.001121
0.001517
0.000247
0.000972
0.001181
0.000075
0.000206
0.999736
0.005946
0.997463
0.986326
0.999946
0.001517
0.000386
0.730026
0.000086
0.999895
0.000336
0.999647
0.000115
0.992490
0.000659
0.999973
0.885050
0.845088
0.016015
0.000029
0.999826
0.976228
0.004700
0.998047
0.999992
0.999082
0.000764
0.999941
0.000004
0.995947
0.999785
0.000041
0.986814
0.999624
0.999948
0.000078
0.001860
0.975808
0.039714
0.999778
0.000075
0.001363
0.000014
0.993434
0.067617
0.998960
0.991341
0.640132
0.000212
0.992984
0.000112
0.014315
0.999864
0.976076
0.999830
0.000007
0.002447
0.999672
0.002190
0.999615
0.008927
0.001234
0.403012
0.997826
0.000084
0.000145
